A <- 2000* (1 + (0.06 * 10))
A
